%YAML:1.0
cameraMatrix: !!opencv-matrix
   rows: 3
   cols: 3
   dt: d
   data: [ 1.8094558198644995e+03, 0., 9.9970788078304076e+02, 0.,
       1.8015991590496021e+03, 5.3056150629959006e+02, 0., 0., 1. ]
imageSize_width: 1920
imageSize_height: 1080
sensorSize_width: 0
sensorSize_height: 0
distCoeffs: !!opencv-matrix
   rows: 5
   cols: 1
   dt: d
   data: [ -1.2848984996098711e-01, 7.6119708318992868e-02,
       1.1608279908503649e-04, 3.8748169892724639e-04,
       -1.6534816346784487e-03 ]
reprojectionError: 0.
features:
   []
