%YAML:1.0
cameraMatrix: !!opencv-matrix
   rows: 3
   cols: 3
   dt: d
   data: [ 4.7809536289547614e+03, 0., 8.2369811329910078e+02, 0.,
       4.7547832736014161e+03, 4.5241680837953322e+02, 0., 0., 1. ]
imageSize_width: 1920
imageSize_height: 1080
sensorSize_width: 0
sensorSize_height: 0
distCoeffs: !!opencv-matrix
   rows: 5
   cols: 1
   dt: d
   data: [ -6.7610561622936452e-02, 4.3215056460415913e-01,
       -3.7542952452978046e-03, -5.1322669361676867e-03,
       -3.3977051553485711e+00 ]
reprojectionError: 1.4872446656227112e-01
features:
   - [ 6.82466309e+02, 4.72379639e+02, 6.19075623e+02, 4.73808228e+02,
       5.55549988e+02, 4.75307343e+02, 4.91636261e+02, 4.76603424e+02,
       4.27831055e+02, 4.78129364e+02, 3.63997040e+02, 4.79527039e+02,
       2.99771057e+02, 4.80809021e+02, 2.35618118e+02, 4.82308136e+02,
       1.71150986e+02, 4.83684082e+02, 1.06613800e+02, 4.85134033e+02,
       6.80789795e+02, 4.09576874e+02, 6.17416138e+02, 4.10836334e+02,
       5.53927063e+02, 4.12222015e+02, 4.90190887e+02, 4.13546967e+02,
       4.26408264e+02, 4.14797699e+02, 3.62486908e+02, 4.16197174e+02,
       2.98400330e+02, 4.17559113e+02, 2.34213272e+02, 4.18819000e+02,
       1.69691833e+02, 4.20240479e+02, 1.05330681e+02, 4.21665588e+02,
       6.79199585e+02, 3.46776001e+02, 6.15741699e+02, 3.48034393e+02,
       5.52437195e+02, 3.49307312e+02, 4.88618652e+02, 3.50492615e+02,
       4.24869110e+02, 3.51868927e+02, 3.61056030e+02, 3.53008667e+02,
       2.96980133e+02, 3.54310364e+02, 2.32763184e+02, 3.55628815e+02,
       1.68391617e+02, 3.56784943e+02, 1.03839539e+02, 3.58203247e+02,
       6.77534485e+02, 2.84203064e+02, 6.14289429e+02, 2.85137329e+02,
       5.50860962e+02, 2.86342529e+02, 4.87246643e+02, 2.87452728e+02,
       4.23420319e+02, 2.88566772e+02, 3.59643921e+02, 2.89941803e+02,
       2.95496002e+02, 2.91011627e+02, 2.31435715e+02, 2.92228149e+02,
       1.67090515e+02, 2.93420319e+02, 1.02612663e+02, 2.94416443e+02,
       6.75995605e+02, 2.21422760e+02, 6.12725830e+02, 2.22384521e+02,
       5.49391602e+02, 2.23506622e+02, 4.85652496e+02, 2.24450027e+02,
       4.21893646e+02, 2.25701050e+02, 3.58259216e+02, 2.26732315e+02,
       2.94189758e+02, 2.27904297e+02, 2.30061859e+02, 2.28978485e+02,
       1.65731796e+02, 2.30214050e+02, 1.01358269e+02, 2.31148178e+02,
       6.74600952e+02, 1.58605240e+02, 6.11328064e+02, 1.59698334e+02,
       5.47809448e+02, 1.60569672e+02, 4.84280243e+02, 1.61713989e+02,
       4.20570099e+02, 1.62721771e+02, 3.56915466e+02, 1.63818054e+02,
       2.92810699e+02, 1.64724670e+02, 2.28784027e+02, 1.65958664e+02,
       1.64519501e+02, 1.66867950e+02, 1.00008392e+02, 1.67892120e+02,
       6.73134827e+02, 9.58872681e+01, 6.09742004e+02, 9.67966232e+01,
       5.46487671e+02, 9.77701645e+01, 4.82846771e+02, 9.86794586e+01,
       4.19284576e+02, 9.97032166e+01, 3.55499512e+02, 1.00568542e+02,
       2.91535431e+02, 1.01676414e+02, 2.27477798e+02, 1.02637123e+02,
       1.63267426e+02, 1.03600258e+02, 9.88523483e+01, 1.04367401e+02 ]
   - [ 1.12338403e+03, 4.68822876e+02, 1.06004846e+03, 4.69583221e+02,
       9.96778748e+02, 4.70420929e+02, 9.33393372e+02, 4.71157196e+02,
       8.69994324e+02, 4.71903595e+02, 8.06766724e+02, 4.72650940e+02,
       7.43391968e+02, 4.73476440e+02, 6.80093262e+02, 4.74257050e+02,
       6.16598816e+02, 4.75027832e+02, 5.53239685e+02, 4.75755890e+02,
       1.12236157e+03, 4.06101166e+02, 1.05909583e+03, 4.06764191e+02,
       9.95855042e+02, 4.07576752e+02, 9.32505310e+02, 4.08292175e+02,
       8.69174438e+02, 4.09061554e+02, 8.06010437e+02, 4.09807953e+02,
       7.42635376e+02, 4.10505585e+02, 6.79362488e+02, 4.11393890e+02,
       6.15828979e+02, 4.12108856e+02, 5.52523926e+02, 4.12748993e+02,
       1.12133765e+03, 3.43369385e+02, 1.05821289e+03, 3.44146912e+02,
       9.95058533e+02, 3.44757385e+02, 9.31658875e+02, 3.45517548e+02,
       8.68325317e+02, 3.46279755e+02, 8.05279541e+02, 3.47019806e+02,
       7.41842896e+02, 3.47748871e+02, 6.78608154e+02, 3.48526917e+02,
       6.15229126e+02, 3.49317078e+02, 5.51785889e+02, 3.50132904e+02,
       1.12039099e+03, 2.80606476e+02, 1.05723621e+03, 2.81212555e+02,
       9.94122192e+02, 2.82037079e+02, 9.30757019e+02, 2.82659790e+02,
       8.67520874e+02, 2.83452728e+02, 8.04509583e+02, 2.84329559e+02,
       7.41153198e+02, 2.84987335e+02, 6.77854065e+02, 2.85724030e+02,
       6.14514465e+02, 2.86418671e+02, 5.51261658e+02, 2.87203125e+02,
       1.11947839e+03, 2.18021744e+02, 1.05640747e+03, 2.18540771e+02,
       9.93267029e+02, 2.19312134e+02, 9.29952942e+02, 2.20072464e+02,
       8.66779419e+02, 2.20723480e+02, 8.03583008e+02, 2.21571777e+02,
       7.40444702e+02, 2.22347534e+02, 6.77271912e+02, 2.23070648e+02,
       6.13879639e+02, 2.23803452e+02, 5.50616272e+02, 2.24406342e+02,
       1.11863184e+03, 1.55325562e+02, 1.05549402e+03, 1.56122269e+02,
       9.92422058e+02, 1.56670639e+02, 9.29141479e+02, 1.57423935e+02,
       8.65928650e+02, 1.58284424e+02, 8.02880554e+02, 1.58942261e+02,
       7.39569580e+02, 1.59706512e+02, 6.76524048e+02, 1.60454590e+02,
       6.13333618e+02, 1.61194504e+02, 5.49961426e+02, 1.61870255e+02,
       1.11770618e+03, 9.25921021e+01, 1.05465332e+03, 9.32888718e+01,
       9.91594421e+02, 9.41197739e+01, 9.28439453e+02, 9.46679764e+01,
       8.65241577e+02, 9.54931335e+01, 8.02221619e+02, 9.63000717e+01,
       7.38938904e+02, 9.69145508e+01, 6.75834778e+02, 9.78668442e+01,
       6.12616577e+02, 9.84165497e+01, 5.49362793e+02, 9.89550629e+01 ]
   - [ 1.77338586e+03, 4.76442535e+02, 1.70867908e+03, 4.76295807e+02,
       1.64436951e+03, 4.76197968e+02, 1.57994897e+03, 4.75981995e+02,
       1.51585107e+03, 4.75763519e+02, 1.45196741e+03, 4.75570770e+02,
       1.38818713e+03, 4.75452820e+02, 1.32452429e+03, 4.75262726e+02,
       1.26096680e+03, 4.75136810e+02, 1.19767078e+03, 4.74855103e+02,
       1.77343115e+03, 4.12721619e+02, 1.70868286e+03, 4.12688782e+02,
       1.64444592e+03, 4.12548309e+02, 1.58012170e+03, 4.12494354e+02,
       1.51603235e+03, 4.12409668e+02, 1.45219604e+03, 4.12378876e+02,
       1.38843066e+03, 4.12311279e+02, 1.32474341e+03, 4.12337494e+02,
       1.26138965e+03, 4.12245880e+02, 1.19801917e+03, 4.12143402e+02,
       1.77337976e+03, 3.49349213e+02, 1.70872607e+03, 3.49344177e+02,
       1.64450415e+03, 3.49327271e+02, 1.58024829e+03, 3.49311951e+02,
       1.51618542e+03, 3.49368134e+02, 1.45241797e+03, 3.49353760e+02,
       1.38860413e+03, 3.49367065e+02, 1.32511560e+03, 3.49409882e+02,
       1.26157153e+03, 3.49392181e+02, 1.19841895e+03, 3.49430054e+02,
       1.77331653e+03, 2.85813202e+02, 1.70889514e+03, 2.85827606e+02,
       1.64453259e+03, 2.85917389e+02, 1.58034241e+03, 2.85975464e+02,
       1.51626587e+03, 2.86230743e+02, 1.45253516e+03, 2.86277313e+02,
       1.38877161e+03, 2.86379181e+02, 1.32529150e+03, 2.86490143e+02,
       1.26180151e+03, 2.86521759e+02, 1.19863049e+03, 2.86564575e+02,
       1.77345996e+03, 2.22295715e+02, 1.70879211e+03, 2.22417709e+02,
       1.64463806e+03, 2.22611053e+02, 1.58042810e+03, 2.22742126e+02,
       1.51641687e+03, 2.23018524e+02, 1.45266064e+03, 2.23281082e+02,
       1.38893616e+03, 2.23484421e+02, 1.32550049e+03, 2.23702591e+02,
       1.26220044e+03, 2.23985428e+02, 1.19892322e+03, 2.24070175e+02,
       1.77346008e+03, 1.58827362e+02, 1.70886572e+03, 1.59159836e+02,
       1.64466663e+03, 1.59451706e+02, 1.58045361e+03, 1.59838882e+02,
       1.51645471e+03, 1.60175980e+02, 1.45281873e+03, 1.60476593e+02,
       1.38915906e+03, 1.60645981e+02, 1.32563806e+03, 1.61059296e+02,
       1.26235852e+03, 1.61382416e+02, 1.19922986e+03, 1.61477112e+02,
       1.77343958e+03, 9.52453156e+01, 1.70890393e+03, 9.57934875e+01,
       1.64470789e+03, 9.62035675e+01, 1.58053369e+03, 9.65193100e+01,
       1.51656226e+03, 9.69069138e+01, 1.45282849e+03, 9.73381882e+01,
       1.38928784e+03, 9.77921143e+01, 1.32592773e+03, 9.83838043e+01,
