%YAML:1.0
Mat: !!opencv-matrix
   rows: 3
   cols: 1
   dt: d
   data: [ 8.3832360132223477e-02, 7.1408923347357256e-01,
       -2.7865801650771059e-03 ]
