%YAML:1.0
Mat: !!opencv-matrix
   rows: 3
   cols: 1
   dt: d
   data: [ -4.0416204051991099e+02, 1.0245564507543928e+02,
       -1.4078904982489369e+00 ]
