%YAML:1.0
cameraMatrix: !!opencv-matrix
   rows: 3
   cols: 3
   dt: d
   data: [ 5.7034220417734446e+02, 0., 3.1999999859394933e+02, 0.,
       5.7034220396210048e+02, 2.3999999931304927e+02, 0., 0., 1. ]
imageSize_width: 640
imageSize_height: 480
sensorSize_width: 0
sensorSize_height: 0
distCoeffs: !!opencv-matrix
   rows: 5
   cols: 1
   dt: d
   data: [ 2.7905269059923872e-08, -1.3137998049043320e-07,
       5.2921726051532841e-10, -1.2637739893711273e-09,
       1.8323504991485605e-07 ]
reprojectionError: 0.
features:
   []
