%YAML:1.0
cameraMatrix: !!opencv-matrix
   rows: 3
   cols: 3
   dt: d
   data: [ 1.8094558198644995e+03, 0., 9.9970788078304076e+02, 0.,
       1.8015991590496021e+03, 5.3056150629959006e+02, 0., 0., 1. ]
imageSize_width: 1920
imageSize_height: 1080
sensorSize_width: 0
sensorSize_height: 0
distCoeffs: !!opencv-matrix
   rows: 5
   cols: 1
   dt: d
   data: [ -1.2848984996098711e-01, 7.6119708318992868e-02,
       1.1608279908503649e-04, 3.8748169892724639e-04,
       -1.6534816346784487e-03 ]
reprojectionError: 1.4945055544376373e-01
features:
   - [ 7.19698914e+02, 4.83509186e+02, 6.61771667e+02, 4.85397308e+02,
       6.03584167e+02, 4.86980133e+02, 5.44574890e+02, 4.88759644e+02,
       4.85502136e+02, 4.90527466e+02, 4.25805420e+02, 4.92357086e+02,
       3.65732544e+02, 4.93898346e+02, 3.05497650e+02, 4.95938324e+02,
       2.44828705e+02, 4.97725494e+02, 1.83720123e+02, 4.99644745e+02,
       7.18263428e+02, 4.26679657e+02, 6.60123840e+02, 4.28193756e+02,
       6.01564941e+02, 4.29550507e+02, 5.42380920e+02, 4.31028442e+02,
       4.82827393e+02, 4.32576416e+02, 4.23091919e+02, 4.34002289e+02,
       3.62766937e+02, 4.35672607e+02, 3.02189758e+02, 4.37318512e+02,
       2.41215210e+02, 4.38883728e+02, 1.79617004e+02, 4.40532959e+02,
       7.16946838e+02, 3.69466125e+02, 6.58673157e+02, 3.70576904e+02,
       5.99742432e+02, 3.71641907e+02, 5.40415222e+02, 3.72980408e+02,
       4.80471283e+02, 3.74124207e+02, 4.20449097e+02, 3.75397980e+02,
       3.59782196e+02, 3.76765900e+02, 2.98713684e+02, 3.78105316e+02,
       2.37481644e+02, 3.79603821e+02, 1.75759323e+02, 3.81170868e+02,
       7.15688538e+02, 3.11587830e+02, 6.57118713e+02, 3.12509796e+02,
       5.97941162e+02, 3.13301910e+02, 5.38187683e+02, 3.14173157e+02,
       4.78050842e+02, 3.15200867e+02, 4.17747894e+02, 3.16123596e+02,
       3.56920044e+02, 3.17281586e+02, 2.95736115e+02, 3.18460602e+02,
       2.33748947e+02, 3.19535706e+02, 1.72006180e+02, 3.20945160e+02,
       7.14575806e+02, 2.53463882e+02, 6.55647888e+02, 2.53826279e+02,
       5.96415466e+02, 2.54480927e+02, 5.36365784e+02, 2.55006805e+02,
       4.75929657e+02, 2.55727509e+02, 4.15442230e+02, 2.56559052e+02,
       3.54084900e+02, 2.57381042e+02, 2.92554779e+02, 2.58327332e+02,
       2.30509842e+02, 2.59352692e+02, 1.68274689e+02, 2.60364441e+02,
       7.13543701e+02, 1.94859299e+02, 6.54340210e+02, 1.95033249e+02,
       5.94733093e+02, 1.95352554e+02, 5.34341614e+02, 1.95619171e+02,
       4.73809052e+02, 1.96012421e+02, 4.12867828e+02, 1.96543793e+02,
       3.51509583e+02, 1.97288834e+02, 2.89623322e+02, 1.97772278e+02,
       2.27351547e+02, 1.98573135e+02, 1.64709076e+02, 1.99339569e+02,
       7.12543762e+02, 1.35681152e+02, 6.53248291e+02, 1.35517822e+02,
       5.93381775e+02, 1.35430450e+02, 5.32735596e+02, 1.35510376e+02,
       4.71776337e+02, 1.35573029e+02, 4.10696869e+02, 1.35819733e+02,
       3.48836578e+02, 1.36355362e+02, 2.86821960e+02, 1.36698517e+02,
       2.24309036e+02, 1.37218384e+02, 1.61345093e+02, 1.37643906e+02 ]
   - [ 9.78825256e+02, 4.81676636e+02, 9.21827332e+02, 4.81847412e+02,
       8.64868286e+02, 4.82120514e+02, 8.07395508e+02, 4.82329498e+02,
       7.49758850e+02, 4.82559326e+02, 6.92380981e+02, 4.82624908e+02,
       6.34434326e+02, 4.82788788e+02, 5.76729553e+02, 4.83201721e+02,
       5.18938232e+02, 4.83367676e+02, 4.61283539e+02, 4.83581055e+02,
       9.79237000e+02, 4.25370697e+02, 9.21968445e+02, 4.25373260e+02,
       8.64692200e+02, 4.25471130e+02, 8.06931641e+02, 4.25493988e+02,
       7.49238892e+02, 4.25557739e+02, 6.91286804e+02, 4.25624634e+02,
       6.33362122e+02, 4.25698792e+02, 5.75332214e+02, 4.25947235e+02,
       5.17242737e+02, 4.26126221e+02, 4.59178192e+02, 4.26340881e+02,
       9.79596375e+02, 3.68453583e+02, 9.22126831e+02, 3.68373810e+02,
       8.64601929e+02, 3.68299561e+02, 8.06569641e+02, 3.68251770e+02,
       7.48590942e+02, 3.68171539e+02, 6.90402161e+02, 3.68252838e+02,
       6.32125610e+02, 3.68272308e+02, 5.73835510e+02, 3.68402100e+02,
       5.15525940e+02, 3.68510651e+02, 4.57371796e+02, 3.68650543e+02,
       9.79951111e+02, 3.10907288e+02, 9.22324829e+02, 3.10751709e+02,
       8.64485901e+02, 3.10483887e+02, 8.06246399e+02, 3.10332306e+02,
       7.47896179e+02, 3.10164886e+02, 6.89614746e+02, 3.09976868e+02,
       6.31094238e+02, 3.09934662e+02, 5.72592773e+02, 3.10106598e+02,
       5.13825806e+02, 3.10292572e+02, 4.55418823e+02, 3.10518280e+02,
       9.80592102e+02, 2.53376846e+02, 9.22557129e+02, 2.52874847e+02,
       8.64452698e+02, 2.52417236e+02, 8.05917175e+02, 2.52106323e+02,
       7.47405029e+02, 2.51890503e+02, 6.88860291e+02, 2.51741394e+02,
       6.30011780e+02, 2.51600677e+02, 5.71268188e+02, 2.51600967e+02,
       5.12463989e+02, 2.51664169e+02, 4.53627228e+02, 2.51922028e+02,
       9.81125610e+02, 1.95121277e+02, 9.22761719e+02, 1.94455780e+02,
       8.64468628e+02, 1.93922440e+02, 8.05727783e+02, 1.93592056e+02,
       7.46888672e+02, 1.93266266e+02, 6.88170532e+02, 1.93022324e+02,
       6.29138611e+02, 1.92951385e+02, 5.70200623e+02, 1.92864212e+02,
       5.10930237e+02, 1.92745468e+02, 4.51817810e+02, 1.92911392e+02,
       9.81589966e+02, 1.36471390e+02, 9.23212219e+02, 1.35580673e+02,
       8.64520935e+02, 1.34876587e+02, 8.05547913e+02, 1.34453308e+02,
       7.46517029e+02, 1.33851761e+02, 6.87514709e+02, 1.33637909e+02,
       6.28318359e+02, 1.33462860e+02, 5.69271729e+02, 1.33424606e+02,
       5.09659821e+02, 1.33332764e+02, 4.50095398e+02, 1.33403885e+02 ]
   - [ 1.24820447e+03, 4.87257721e+02, 1.19086243e+03, 4.85781372e+02,
       1.13369739e+03, 4.84560425e+02, 1.07647034e+03, 4.83137573e+02,
       1.01931958e+03, 4.81633270e+02, 9.62344360e+02, 4.80354187e+02,
       9.05569702e+02, 4.78951752e+02, 8.49046143e+02, 4.77545197e+02,
       7.92668213e+02, 4.76277130e+02, 7.36603699e+02, 4.74984009e+02,
       1.25031128e+03, 4.30555237e+02, 1.19282141e+03, 4.29224579e+02,
       1.13533252e+03, 4.27747406e+02, 1.07773572e+03, 4.26382202e+02,
       1.02046454e+03, 4.25122009e+02, 9.63301147e+02, 4.23767761e+02,
       9.06190125e+02, 4.22429077e+02, 8.49402161e+02, 4.21320557e+02,
       7.92706299e+02, 4.20087860e+02, 7.36442139e+02, 4.18811218e+02,
       1.25255408e+03, 3.73385468e+02, 1.19470862e+03, 3.72043030e+02,
       1.13712122e+03, 3.70599915e+02, 1.07919006e+03, 3.69277344e+02,
       1.02150482e+03, 3.68053284e+02, 9.64162720e+02, 3.66697784e+02,
       9.06766418e+02, 3.65549133e+02, 8.49648010e+02, 3.64439697e+02,
       7.92835266e+02, 3.63382019e+02, 7.36323547e+02, 3.62280609e+02,
       1.25449951e+03, 3.15560028e+02, 1.19671765e+03, 3.14249939e+02,
       1.13859839e+03, 3.12961426e+02, 1.08062463e+03, 3.11538940e+02,
       1.02258868e+03, 3.10364258e+02, 9.65108276e+02, 3.09201813e+02,
       9.07497192e+02, 3.08065918e+02, 8.50036438e+02, 3.07104797e+02,
       7.92970642e+02, 3.06052277e+02, 7.36185669e+02, 3.05218933e+02,
       1.25690662e+03, 2.57580414e+02, 1.19842896e+03, 2.56275024e+02,
       1.14032642e+03, 2.54867493e+02, 1.08193335e+03, 2.53515717e+02,
       1.02373297e+03, 2.52373947e+02, 9.65941650e+02, 2.51400650e+02,
       9.08100342e+02, 2.50234909e+02, 8.50547302e+02, 2.49426270e+02,
       7.93255859e+02, 2.48565857e+02, 7.36100342e+02, 2.47703598e+02,
       1.25895276e+03, 1.99061966e+02, 1.20042200e+03, 1.97667145e+02,
       1.14179065e+03, 1.96409576e+02, 1.08329980e+03, 1.95303040e+02,
       1.02491394e+03, 1.94027863e+02, 9.66787964e+02, 1.93166733e+02,
       9.08770752e+02, 1.92324402e+02, 8.50940796e+02, 1.91374359e+02,
       7.93461060e+02, 1.90672699e+02, 7.36094360e+02, 1.89911865e+02,
       1.26113123e+03, 1.39899933e+02, 1.20223157e+03, 1.38605057e+02,
       1.14358118e+03, 1.37352692e+02, 1.08470129e+03, 1.36353409e+02,
       1.02595801e+03, 1.35242813e+02, 9.67742737e+02, 1.34206131e+02,
       9.09458984e+02, 1.33482040e+02, 8.51463135e+02, 1.32942505e+02,
