%YAML:1.0
Mat: !!opencv-matrix
   rows: 3
   cols: 1
   dt: d
   data: [ 5.4803555594298774e-02, 6.7635971475849252e-02,
       1.6829740763886748e-02 ]
