%YAML:1.0
Mat: !!opencv-matrix
   rows: 3
   cols: 1
   dt: d
   data: [ -9.2407347478571410e+01, 1.3365873733483318e+02,
       3.9539685501382939e+02 ]
